720575940599457990
720575940599763910
720575940600623020
720575940602309600
720575940602564320
720575940602720940
720575940602747360
720575940602790610
720575940602815200
720575940602857440
720575940603094700
720575940603183840
720575940603449010
720575940603460640
720575940603479910
720575940603545190
720575940603600230
720575940603673120
720575940603747360
720575940603765280
720575940603882720
720575940603911340
720575940603925280
720575940604008160
720575940604050110
720575940604065470
720575940604241510
720575940604479590
720575940604662700
720575940604663520
720575940604675430
720575940604704870
720575940604728800
720575940604901310
720575940604934980
720575940604984800
720575940605078560
720575940605160550
720575940605179360
720575940605213100
720575940605219500
720575940605328230
720575940605579110
720575940605682790
720575940605891040
720575940606385440
720575940606739390
720575940607155890
720575940607511900
720575940607641010
720575940607685700
720575940607687260
720575940608304220
720575940608883780
720575940609369180
720575940609533230
720575940609579470
720575940609716430
720575940610118570
720575940610259370
720575940610292430
720575940610474610
720575940610481370
720575940610505170
720575940610762850
720575940610792290
720575940611323670
720575940611703080
720575940611789810
720575940612071130
720575940612196850
720575940612499150
720575940612635050
720575940612923390
720575940613090710
720575940613091290
720575940613684370
720575940614386070
720575940614478230
720575940614636450
720575940615097490
720575940615500030
720575940615596850
720575940615622050
720575940615911380
720575940615974550
720575940616404820
720575940616747830
720575940617088780
720575940617552340
720575940617665950
720575940618220480
720575940619186240
720575940619614110
720575940619695750
720575940620528990
720575940620614310
720575940620926740
720575940621164720
720575940621202670
720575940622283900
720575940622872870
720575940622917500
720575940622972820
720575940623081400
720575940624746940
720575940626003130
720575940627271230
720575940628912390
720575940629007230
720575940634781620
720575940635452570
720575940636489140
720575940640031360
720575940642666440
720575940643812000
720575940648669060
720575940609125641
720575940609269001
720575940612898161
720575940613106611
720575940613191591
720575940613258221
720575940613583001
720575940613942301
720575940614921501
720575940620332141
720575940621939071
720575940623793741
720575940625054901
720575940629091431
720575940629523971
720575940632913461
720575940634773951
720575940635709631
720575940660914561
720575940621014292
720575940624547622
720575940632879842
720575940625934094
720575940620975696
