720575940622649284
720575940606590338
720575940620595053
720575940637749574
720575940626657802
720575940610039219
720575940623324395
720575940626951513
720575940631011781
720575940627480442
720575940628007171
720575940613152175
720575940616299348
720575940629606475
720575940632803223
720575940618722475
720575940619828359
720575940633243755
720575940638468678
720575940640158939
720575940616098354
720575940611477873
720575940618746533
720575940620926836
720575940629806206
720575940612355301
720575940626048637
720575940616903209
720575940631639097
720575940626299678
720575940638730805
720575940632629551
720575940623745816
720575940605765408
720575940653456630
720575940618310100
720575940638903871
720575940618673748
720575940621598374
720575940624345992
