720575940622649284
720575940606590338
720575940620595053
720575940637749574
720575940626657802
720575940619075437
720575940612714723
720575940624863015
720575940617229632
720575940627035388
720575940608124338
720575940614576396
720575940621123113
720575940626023001
720575940618277184
720575940622070554
720575940615322674
720575940613864891
720575940633165025
720575940623916071
720575940624106442
720575940625056509
720575940614326162
720575940638415731
720575940620931312
720575940631193052
720575940634325087
720575940613167007
720575940617109772
720575940603453286
720575940625805084
720575940607195826
720575940626507834
720575940617504581
720575940623543881
720575940609962389
720575940639341987
720575940628750248
720575940628514647
720575940621776161
720575940621203632
720575940621343348
720575940607990229
720575940619637780
720575940611372714
720575940640639293
720575940638633535
720575940637449023
720575940606767806
720575940628882450
720575940627265274
720575940621307574
720575940619895125
720575940624200974
720575940611352014
720575940617885643
720575940614316731
720575940619385765
720575940626143806
720575940621620229
720575940626682682
720575940613345442
720575940610505170
720575940640477603
720575940638624189
720575940623137741
720575940639080765
720575940608199748
720575940621333696
720575940631619409
720575940618087197
720575940604352172
720575940623237161
720575940619531373
720575940613961522
720575940637943374
720575940617179451
720575940627080079
720575940628739560
720575940620875861
720575940617343316
720575940648206468
720575940638677070
720575940620920831
720575940622151804
720575940611856498
720575940639669592
720575940630003472
720575940612598499
720575940615594658
720575940616020795
720575940644258327
720575940617972901
720575940629011655
720575940609460491
720575940620441024
720575940603464672
720575940632994970
720575940643152164
720575940612821727
720575940617917760
720575940631725561
720575940639384947
720575940622334448
720575940645680407
720575940629089068
720575940604624574
720575940613419695
720575940624487975
720575940642086389
720575940618308825
720575940624783091
720575940615366055
720575940622311704
720575940616682875
720575940620437339
720575940613016104
720575940608845525
720575940636167280
720575940637282167
720575940636873791
720575940630146103
720575940615152011
720575940636096948
720575940627245585
720575940641369808
720575940628346194
720575940623913364
720575940621696747
720575940625493400
720575940629926159
720575940623605943
720575940614114814
720575940638689001
720575940624001321
720575940611520721
720575940620565673
720575940610423538
720575940619964788
720575940612355507
720575940618660043
720575940626917393
720575940622811430
720575940623875819
720575940613706866
720575940628338028
720575940618901533
720575940617381681
720575940622785062
720575940622389735
720575940628283560
720575940634715743
720575940623922869
720575940604974978
720575940632463464
720575940614871106
720575940622436277
720575940612653937
720575940646122804
720575940621926669
720575940623872263
720575940631054634
720575940617128705
720575940618897693
720575940614727903
720575940625040053
720575940617903168
720575940622448589
720575940626091602
720575940630493818
720575940631930828
720575940615160386
720575940604985265
720575940638719104
720575940609553419
720575940633052641
720575940640372021
720575940636523109
720575940640094592
720575940603446374
720575940628467611
720575940618404510
720575940625402501
720575940630778428
720575940620566808
720575940628259407
720575940620638335
720575940617207185
720575940637910106
720575940619620852
720575940627353426
720575940637526190
720575940636610270
720575940622547421
720575940627160322
720575940619928429
720575940630914858
720575940618368441
720575940620103590
720575940629367863
720575940616824588
720575940623303108
720575940615808029
720575940619071005
720575940639680957
720575940628077568
720575940606762686
720575940632032652
720575940624622826
720575940620024396
720575940624106701
720575940638288447
720575940627239946
720575940625823656
720575940623576141
720575940625431870
720575940621185050
720575940619376767
720575940620610217
720575940624083484
720575940620956144
720575940632216928
720575940629906425
720575940617642832
720575940611022515
720575940618800225
720575940630546540
720575940630131663
720575940637712243
720575940618840280
720575940625022270
720575940629733626
720575940623897613
720575940628951119
720575940630547909
720575940637594334
720575940624515571
720575940637632654
720575940615104927
720575940625007949
720575940661114753
720575940617781383
720575940613355423
720575940636401776
720575940612284569
720575940629083211
720575940624030819
720575940627575569
720575940605102694
720575940608130606
720575940613271219
720575940628181520
720575940642212552
720575940610752068
720575940633499548
720575940633804212
720575940627399724
720575940622368792
720575940622840211
720575940639013027
720575940620622691
720575940622734835
720575940604919473
720575940630155083
720575940625237891
720575940625249618
720575940660912001
720575940609903602
720575940612992479
720575940632571583
720575940607687260
720575940635933119
720575940614344354
720575940631752356
720575940644744864
720575940652875681
720575940628035543
720575940625097274
720575940631328104
720575940613943914
720575940619417326
720575940620710822
720575940630584079
720575940634939327
720575940609739669
720575940613050577
720575940612433614
720575940627244986
720575940642410020
720575940605391794
720575940613347793
720575940649045369
720575940621792438
720575940635604581
720575940626650776
720575940628024107
720575940631469964
720575940631633401
720575940609775115
720575940645104948
720575940625521899
720575940637185252
720575940609496585
720575940621256212
720575940608376622
720575940604418988
720575940629301248
720575940645532292
720575940636944966
720575940625564676
720575940633036369
720575940648650884
720575940618146619
720575940620199962
720575940619838912
720575940640971995
720575940623047950
720575940628954112
720575940608628419
720575940627719184
720575940620551259
720575940620189790
720575940626449154
720575940626852400
720575940625879537
720575940628164222
720575940635465396
720575940634658785
720575940634903403
720575940623986364
720575940613762466
720575940613809554
720575940622574532
720575940610070442
720575940631942999
720575940621142054
720575940639594611
720575940656090017
720575940629097922
720575940614610925
720575940615406751
720575940619439576
720575940624057853
720575940618210614
720575940622793310
720575940637864355
720575940634834544
720575940656077473
720575940603455846
720575940625544069
720575940609454603
720575940615394719
720575940633552028
720575940619772525
720575940629317991
720575940637628762
720575940624941244
720575940626675837
720575940619807397
720575940609903077
720575940622969096
720575940611079236
720575940616800780
720575940639017050
720575940632167085
720575940630066007
720575940627822647
720575940621820540
720575940606757041
720575940629947439
720575940613613619
720575940611323670
720575940622193276
720575940620896937
720575940630983954
720575940617839739
720575940618855344
720575940613869777
720575940620465904
720575940629874806
720575940625784153
720575940627129290
720575940659611777
720575940610609454
720575940610048981
720575940621529435
720575940629009513
720575940631274770
720575940623673802
720575940630301523
720575940626034819
720575940624175565
720575940622762995
720575940630770042
720575940625819138
720575940634710629
720575940612856273
720575940626043218
720575940628420008
720575940630275269
720575940621817046
720575940627949929
720575940620840368
720575940628185538
720575940618461121
720575940619337536
720575940628059722
720575940646416419
720575940625586122
720575940627042064
720575940612829663
720575940632721306
720575940621533985
720575940629963855
720575940609447179
720575940612605667
720575940622331882
720575940623465909
720575940625207019
720575940626247823
720575940625368976
720575940609218258
720575940632890681
720575940613751186
720575940608970197
720575940632627757
720575940622726271
720575940644238871
720575940605400096
720575940627772009
720575940603985952
720575940613864401
720575940622287142
720575940603231916
720575940622904069
720575940618256833
720575940625431866
720575940640032896
720575940652941217
720575940639202467
720575940618615360
720575940614714178
720575940631161570
720575940618865112
720575940642046453
720575940625176094
720575940628316047
720575940631683927
720575940622541005
720575940616273631
720575940639121571
720575940624695629
720575940628059948
720575940610100437
720575940607439964
720575940623287228
720575940623945404
720575940609891886
720575940622192822
720575940620266406
720575940623264906
720575940612167794
720575940630057728
720575940619280705
720575940640697808
720575940631462200
720575940610773782
720575940614065676
720575940610658766
720575940626601994
720575940613655483
720575940616079035
720575940611849187
720575940621021892
720575940626768656
720575940619766219
720575940628303607
720575940612062426
720575940623815486
720575940643517038
720575940621141542
720575940659400577
720575940615270545
720575940632720026
720575940637469254
720575940646661252
720575940608295032
720575940625924618
720575940630093051
720575940620445062
720575940632868563
720575940635066975
720575940637009636
720575940615081099
720575940631347011
720575940623444715
720575940635209884
720575940615529414
720575940622364184
720575940645106723
720575940610039219
720575940623324395
720575940626951513
720575940631011781
720575940627480442
720575940626357865
720575940614614162
720575940611832490
720575940610158821
720575940607888585
720575940635274615
720575940637354355
720575940628250076
720575940624448138
720575940618699841
720575940614997555
720575940616836485
720575940617446449
720575940634361998
720575940627758135
720575940651145857
720575940620809599
720575940619035989
720575940626890027
720575940629321734
720575940606324402
720575940614773307
720575940626057990
720575940620181825
720575940628268226
720575940639297408
720575940617625413
720575940617992000
720575940618238635
720575940607434564
720575940630798893
720575940621521422
720575940634388622
720575940620136545
720575940611429489
720575940652617121
720575940626668443
720575940614444959
720575940638722549
720575940602382304
720575940634321855
720575940633717615
720575940611877841
720575940623997539
720575940632474835
720575940623368375
720575940621147998
720575940630182716
720575940635931994
720575940622443400
720575940623497653
720575940617227042
720575940621568490
720575940621762567
720575940625844474
720575940612580067
720575940647328889
720575940623755312
720575940606617557
720575940628469967
720575940622519591
720575940625188741
720575940629337600
720575940631530348
720575940630163281
720575940620600929
720575940633206924
720575940612306786
720575940619202901
720575940611710322
720575940618019207
720575940631041956
720575940608090069
720575940622510323
720575940614128593
720575940633209996
720575940632805983
720575940626931708
720575940618671854
720575940611759569
720575940614633122
720575940633284276
720575940620862746
720575940624321538
720575940623497340
720575940631616360
720575940621103201
720575940629797260
720575940615450854
720575940621709237
720575940637955968
720575940609116622
720575940619411327
720575940631106767
720575940633724271
720575940621399156
720575940629483576
720575940614398570
720575940613171454
720575940631622681
720575940634615288
720575940630175276
720575940611765032
720575940627768375
720575940621970445
720575940605173792
720575940630127148
720575940613938973
720575940617020699
720575940633125911
720575940627398855
720575940618290523
720575940619543120
720575940614976662
720575940602430944
720575940615040662
720575940605707198
720575940635860058
720575940636703374
720575940635473886
720575940622249736
720575940634128247
720575940615401945
720575940613808326
720575940625480394
720575940635620709
720575940614138577
720575940618544622
720575940637383027
720575940615700820
720575940627604471
720575940609187101
720575940633701487
720575940626702159
720575940615881501
720575940617244445
720575940635989390
720575940637374323
720575940642468644
720575940623776458
720575940632460951
720575940628598142
720575940634523232
720575940623856176
720575940606663881
720575940628375148
720575940622707592
720575940625411109
720575940625929671
720575940633430112
720575940622109769
720575940653617910
720575940619389680
720575940644751908
720575940633302995
720575940639429504
720575940624392171
720575940622879758
720575940650082038
720575940636168628
720575940638446032
720575940636643406
720575940605158572
720575940628508534
720575940605154988
720575940639152117
720575940628074199
720575940638206773
720575940620606600
720575940633304601
720575940652606881
720575940603776702
720575940619981550
720575940623396240
720575940612195495
720575940612373362
720575940617953241
720575940629524483
720575940606718642
720575940615110450
720575940631285571
720575940638441525
720575940617373072
720575940623854276
720575940635206763
720575940634525792
720575940624311369
720575940628644239
720575940643001288
720575940619644336
720575940614118546
720575940619095472
720575940622328328
720575940626394114
720575940610183154
720575940627403719
720575940633416604
720575940623933626
720575940611817779
720575940618291883
720575940608900050
720575940626426654
720575940612137895
720575940627560386
720575940628360812
720575940622239553
720575940619297520
720575940627430906
720575940628635751
720575940605662822
720575940624789652
720575940628083516
720575940629739068
720575940618018497
720575940627915580
720575940627684614
720575940615333076
720575940626462014
720575940630598671
720575940626227774
720575940639792494
720575940633085463
720575940606537429
720575940604276652
720575940633165816
720575940650261494
720575940628515115
720575940620896525
720575940619767073
720575940612281086
720575940638991605
720575940603595366
720575940617291421
720575940621650712
720575940624082532
720575940623060924
720575940641728712
720575940631096527
720575940637005390
720575940628266235
720575940626170865
720575940642477860
720575940606197193
720575940626148520
720575940610522210
720575940643552366
720575940627137223
720575940615660033
720575940603446118
720575940608969938
720575940629029647
720575940616001036
720575940617251841
720575940630609170
720575940620122503
720575940646473838
720575940612786995
720575940628177863
720575940611937967
720575940625479370
720575940627070494
720575940642875080
720575940645109124
720575940619057054
720575940625893372
720575940634243775
720575940636008559
720575940629367352
720575940629561400
720575940629901047
720575940613264799
720575940617084673
720575940607695428
720575940613524973
720575940631372088
720575940622104584
720575940632834911
720575940615411942
720575940611603502
720575940611164634
720575940630137655
720575940619193264
720575940642422157
720575940617387549
720575940633702511
720575940618672806
720575940619781914
720575940621590237
720575940621463699
720575940627775375
720575940627044901
720575940629416266
720575940624471683
720575940634038041
720575940626340624
720575940613603737
720575940633288372
720575940620404044
720575940648652921
720575940629023870
720575940625063694
720575940624810270
720575940636556718
720575940613749702
720575940617393435
720575940622136573
720575940620762723
720575940615295121
720575940630670893
720575940622303446
720575940606603186
720575940621044048
720575940624901107
720575940623471044
720575940625065786
720575940644555572
720575940626623387
720575940626622339
720575940617423105
720575940628885264
720575940627631360
720575940630300434
720575940613598514
720575940627572602
720575940627544451
720575940624912535
720575940644096712
720575940630121503
720575940628641879
720575940628595944
720575940635197291
720575940641824200
720575940627360774
720575940622568423
720575940630729005
720575940618014528
720575940627304424
720575940621523421
720575940619559232
720575940613771666
720575940618768806
720575940627788032
720575940617936641
720575940614957115
720575940650268150
720575940622160460
720575940623778229
720575940615814171
720575940606913202
720575940646367267
720575940611831603
720575940623538884
720575940612511894
720575940620275677
720575940632879405
720575940625161530
720575940625804008
720575940629630520
720575940625809539
720575940627754496
720575940647447161
720575940631244648
720575940619029680
720575940640173184
720575940625841241
720575940627816492
720575940624276733
720575940618261696
720575940620860654
720575940615247316
720575940615241940
720575940620762904
720575940634381454
720575940629312768
720575940637650830
720575940625530114
720575940631295506
720575940610264490
720575940610219237
720575940636068270
720575940621776135
720575940625897603
720575940635416686
720575940620407105
720575940625652879
720575940627108967
720575940624352747
720575940618192694
720575940627382405
720575940622197313
720575940614569944
720575940626651691
720575940632674003
720575940625328401
720575940622929847
720575940619295728
720575940635697380
720575940605811657
720575940625101389
720575940618054981
720575940619066881
720575940624989833
720575940635715647
720575940621057285
720575940624109340
720575940637714560
720575940618094356
720575940618424235
720575940627488252
720575940645413940
720575940620718605
720575940624568416
720575940617718864
720575940622013257
720575940624309006
720575940629972983
720575940612066223
720575940625638916
720575940611868825
720575940625393189
720575940606388060
720575940626655311
720575940605119776
720575940617918091
720575940629864844
720575940639458037
720575940637396851
720575940631163091
720575940619888622
720575940619273398
720575940625575592
720575940628946731
720575940634333338
720575940634858096
720575940625947335
720575940628586071
720575940624339996
720575940623165965
720575940638604021
720575940638842933
720575940610824214
720575940629748606
720575940629163820
720575940634360462
720575940617429208
720575940633356280
720575940609651758
720575940610514073
720575940628772034
720575940625941762
720575940620291286
720575940613878459
720575940627067368
720575940604843710
720575940615138397
720575940617867589
720575940639245631
720575940620122561
720575940602953388
720575940622385703
720575940618759078
720575940633142831
720575940628233731
720575940623195530
720575940629460986
720575940624871710
720575940629015040
720575940619273126
720575940617674053
720575940617582107
720575940636822069
720575940659264385
720575940632754003
720575940639944077
720575940623962430
720575940620252630
720575940631821891
720575940625729342
720575940633432568
720575940625454162
720575940634614008
720575940618092965
720575940619985089
720575940629745022
720575940621153916
720575940615394527
720575940632847661
720575940627925564
720575940613148625
720575940634087287
720575940632286816
720575940618395205
720575940611562393
720575940632615359
720575940627701548
720575940628007171
720575940613152175
720575940616299348
720575940629606475
720575940632803223
720575940621343764
720575940638305853
720575940632996307
720575940617501533
720575940619370416
720575940628881659
720575940623392949
720575940618133371
720575940612973096
720575940633848312
720575940628831482
720575940630596921
720575940633909600
720575940613490841
720575940637066352
720575940618590923
720575940617585624
720575940622690824
720575940616200298
720575940617068066
720575940620027515
720575940638860496
720575940624175653
720575940612327446
720575940627669886
720575940609604875
720575940625453145
720575940615889638
720575940636242778
720575940630541416
720575940638850512
720575940648938617
720575940620841310
720575940637142837
720575940628523819
720575940617334299
720575940615183755
720575940627162344
720575940615712468
720575940643576224
720575940607938517
720575940619615936
720575940605361841
720575940629468739
720575940615929584
720575940623066126
720575940617187329
720575940627660135
720575940622499819
720575940636735198
720575940613152423
720575940603823462
720575940625093528
720575940638549574
720575940623880013
720575940628705271
720575940638086528
720575940634248184
720575940628362812
720575940626449082
720575940624888880
720575940650785657
720575940621490968
720575940627526376
720575940632943199
720575940629703722
720575940628050950
720575940621765467
720575940618508518
720575940641306765
720575940608722371
720575940617232017
720575940609181486
720575940627740922
720575940625378121
720575940629213639
720575940623018983
720575940615463825
720575940624754981
720575940652809889
720575940637369909
720575940626610960
720575940625816212
720575940639455477
720575940612585011
720575940628182722
720575940614853535
720575940605583136
720575940623325932
720575940620831308
720575940627913436
720575940642984471
720575940614017534
720575940611784726
720575940603943456
720575940613793302
720575940622811636
720575940644786228
720575940626814666
720575940612824978
720575940619767744
720575940618374558
720575940610444530
720575940621512291
720575940613842700
720575940625233445
720575940626458897
720575940627916410
720575940604561766
720575940617077533
720575940629983884
720575940638130758
720575940624583708
720575940623261703
720575940628585922
720575940627426919
720575940622840300
720575940624290232
720575940626824015
720575940635666409
720575940618317726
720575940644178468
720575940612855505
720575940608745006
720575940615442315
720575940638027497
720575940634360056
720575940630982712
720575940613184362
720575940629008079
720575940626894588
720575940610151130
720575940634151672
720575940605756081
720575940636063204
720575940630087235
720575940628990713
720575940622942868
720575940625294217
720575940618129355
720575940626973821
720575940619829765
720575940615682955
720575940637477565
720575940617978526
720575940637591262
720575940623194632
720575940634833806
720575940614337130
720575940618225067
720575940620267073
720575940613794060
720575940603932448
720575940628140785
720575940633223727
720575940611606830
720575940621066776
720575940621811182
720575940624156391
720575940628984950
720575940615677780
720575940638060632
720575940610449587
720575940627807994
720575940617912536
720575940612127151
720575940622030861
720575940620224801
720575940608185986
720575940618177739
720575940637934141
720575940622184701
720575940623280457
720575940610634725
720575940625590653
720575940625172764
720575940632216289
720575940630892344
720575940630199963
720575940611547098
720575940622364771
720575940626535189
720575940613231313
720575940609843349
720575940611296790
720575940616617245
720575940638890192
720575940617047297
720575940612936154
720575940626637128
720575940608413705
720575940625875402
720575940623084471
720575940611376882
720575940616764731
720575940617098580
720575940611453041
720575940626261480
720575940643937316
720575940640257152
720575940623220919
720575940615654715
720575940615612066
720575940630773585
720575940625796133
720575940619114689
720575940659184257
720575940622523101
720575940612249651
720575940608370866
720575940605726642
720575940613492114
720575940637369653
720575940612453522
720575940624222014
720575940610219715
720575940621825518
720575940611583923
720575940630111628
720575940626471957
720575940624103399
720575940635678942
720575940604498208
720575940628708624
720575940638251904
720575940613839116
720575940627460849
720575940630980409
720575940614920379
720575940624940336
720575940618734575
720575940604110513
720575940631626491
720575940614123570
720575940607287305
720575940608065987
720575940634419051
720575940628809687
720575940612979090
720575940621499004
720575940630792275
720575940638185331
720575940620129694
720575940619972446
720575940626793871
720575940618618350
720575940635319663
720575940620014203
720575940612870952
720575940631449411
720575940622217654
720575940631813796
720575940612131025
720575940630903623
720575940623306168
720575940607309577
720575940620147067
720575940626371898
720575940612377775
720575940623436531
720575940645448995
720575940621485552
720575940619658111
720575940616542277
720575940630404655
720575940633738903
720575940610694067
720575940626740243
720575940616005009
720575940625464328
720575940636588724
720575940628164229
720575940632052010
720575940614799154
720575940637969222
720575940630007916
720575940619994294
720575940613372127
720575940632977633
720575940608068035
720575940614154786
720575940638278333
720575940612925078
720575940628802041
720575940636561332
720575940612012566
720575940629511802
720575940629786103
720575940631701499
720575940615193138
720575940616507807
720575940616819345
720575940623973837
720575940621088536
720575940606681099
720575940610147790
720575940625683077
720575940625395096
720575940624166949
720575940616545793
720575940628194895
720575940650293494
720575940627446090
720575940625863690
720575940612916114
720575940611243690
720575940616462310
720575940617724107
720575940626090782
720575940645909300
720575940627306124
720575940629483735
720575940622252493
720575940625301604
720575940604033708
720575940626194428
720575940613214098
720575940624012350
720575940621616518
720575940631848791
720575940628806607
720575940611284659
720575940643020836
720575940616968733
720575940622226870
720575940622331786
720575940623222542
720575940629842499
720575940612922339
720575940629372747
720575940611851506
720575940636730694
720575940638169456
720575940638319744
720575940610237394
720575940629889080
720575940618858837
720575940617523174
720575940636345707
720575940626119240
720575940631413156
720575940629615417
720575940613799274
720575940621749226
720575940634893419
720575940624274276
720575940635969758
720575940610545561
720575940624102670
720575940619835892
720575940642870820
720575940642492360
720575940625721331
720575940629342479
720575940634040244
720575940625156745
720575940644492055
720575940628066519
720575940629836611
720575940639702435
720575940627054988
720575940636455280
720575940619476126
720575940622461320
720575940629801291
720575940602783968
720575940614736559
720575940626897148
720575940636311130
720575940635588131
720575940632716128
720575940630758014
720575940625678650
720575940645002019
720575940634173176
720575940631824332
720575940653612790
720575940626347848
720575940636313701
720575940622334699
720575940622733607
720575940622227550
720575940618153153
720575940633242449
720575940626063944
720575940617949861
720575940625604098
720575940640749939
720575940626612073
720575940614355654
720575940622476682
720575940615518523
720575940626992145
720575940619673664
720575940626038403
720575940630894583
720575940631255656
720575940617073876
720575940628909950
720575940621746154
720575940610640357
720575940627212806
720575940617828731
720575940627400776
720575940624108862
720575940625556611
720575940632891106
720575940616973313
720575940628585978
720575940626781522
720575940622014471
720575940619126950
720575940628057862
720575940622781624
720575940626306321
720575940624704601
720575940613606041
720575940629923883
720575940634350291
720575940633303743
720575940622683491
720575940622051818
720575940612627058
720575940625131913
720575940628320515
720575940624163109
720575940636702174
720575940628211340
720575940625366846
720575940620007412
720575940653346550
720575940634809230
720575940624879678
720575940627666793
720575940604064958
720575940616330267
720575940610403826
720575940635586851
720575940627241402
720575940617716770
720575940619905404
720575940622810697
720575940637330142
720575940623781268
720575940615921803
720575940621361172
720575940627046479
720575940626609128
720575940624403044
720575940621893779
720575940618772870
720575940612311277
720575940642860192
720575940626858831
720575940609777476
720575940616891698
720575940633368171
720575940619196398
720575940604833982
720575940629113388
720575940618627377
720575940630427340
720575940631426700
720575940625144604
720575940635784560
720575940619737510
720575940612765330
720575940630022395
720575940613682602
720575940620957353
720575940604518432
720575940611048306
720575940634343007
720575940607330825
720575940622986219
720575940617752537
720575940626827024
720575940624986908
720575940631257647
720575940627140551
720575940626382973
720575940653943969
720575940627712335
720575940632824511
720575940604667825
720575940633442468
720575940630479631
720575940612689645
720575940636212964
720575940629357074
720575940629039660
720575940607862217
720575940639279679
720575940607001045
720575940623430621
720575940618722475
720575940619828359
720575940633243755
720575940638468678
720575940640158939
720575940624562836
720575940635659486
720575940625786899
720575940614825026
720575940606452681
720575940633732448
720575940610562713
720575940622727572
720575940628798799
720575940631470417
720575940638474112
720575940637407209
720575940606698697
720575940623542972
720575940628741881
720575940634235744
720575940620109191
720575940614027074
720575940643195159
720575940613729576
720575940629507706
720575940625258506
720575940633340753
720575940631964620
720575940623356493
720575940631589689
720575940626950147
720575940619977566
720575940640856795
720575940617474629
720575940609694818
720575940619226607
720575940630715410
720575940627741562
720575940611644825
720575940626855171
720575940615957433
720575940615125307
720575940616860318
720575940628350211
720575940624574922
720575940607971908
720575940659536257
720575940611204323
720575940616539419
720575940628424527
720575940604884396
720575940624041545
720575940625223690
720575940640566736
720575940614443788
720575940616284955
720575940619155541
720575940622629193
720575940626712921
720575940616707421
720575940605997513
720575940608631342
720575940614386738
720575940617865117
720575940614281214
720575940624036339
720575940635493044
720575940632169007
720575940608505795
720575940605627057
720575940608433476
720575940626975899
720575940628152838
720575940625377688
720575940628217643
720575940610907490
720575940638185048
720575940628610811
720575940628761039
720575940619604134
720575940631458371
720575940631492419
720575940636640602
720575940636841286
720575940621829813
720575940621590250
720575940624125626
720575940628536055
720575940626779398
720575940632805037
720575940629388026
720575940624375088
720575940619404214
720575940629966710
720575940628802042
720575940619487414
720575940622102763
720575940624392220
720575940619404982
720575940631017932
720575940627573766
720575940613460034
720575940607310531
720575940605705650
720575940639409315
720575940607054770
720575940616308597
720575940627307855
720575940637316029
720575940628844187
720575940636675817
720575940617649969
720575940620273279
720575940623881801
720575940628355843
720575940610353381
720575940629141607
720575940616788409
720575940627552680
720575940633989999
720575940611987240
720575940612879341
720575940615476667
720575940637999950
720575940609132642
720575940634609815
720575940631088402
720575940614772383
720575940626015294
720575940620578269
720575940622844903
720575940618671495
720575940622001020
720575940626316974
720575940621516179
720575940614416018
720575940620349632
720575940623582904
720575940629498306
720575940622800589
720575940616913822
720575940640115675
720575940621763767
720575940625354904
720575940621146956
720575940626242054
720575940631998023
720575940614183218
720575940618547280
720575940632437331
720575940634045084
720575940621097855
720575940631302186
720575940611760021
720575940620653377
720575940628826873
720575940626655321
720575940638960547
720575940625773605
720575940630947395
720575940636551086
720575940644800535
720575940612178418
720575940631584057
720575940616885298
720575940612421290
720575940626222609
720575940622054340
720575940619535563
720575940609684946
720575940620434671
720575940604497888
720575940632336685
720575940614219370
720575940630668751
720575940634199732
720575940630067816
720575940630432932
720575940617478961
720575940624941838
720575940628612112
720575940619808756
720575940604483040
720575940617093533
720575940616798784
720575940630912512
720575940628138246
720575940616139606
720575940611113109
720575940618839942
720575940644238496
720575940644145687
720575940612829863
720575940617908820
720575940639116888
720575940603984486
720575940628186667
720575940617473748
720575940619272920
720575940606666953
720575940631360429
720575940632271780
720575940618517440
720575940614229415
720575940622812003
720575940611748594
720575940628773675
720575940622467293
720575940621837601
720575940617612578
720575940632963245
720575940623533645
720575940625328915
720575940608662574
720575940615910228
720575940606910850
720575940626460420
720575940629878519
720575940612111346
720575940628689963
720575940633336727
720575940643063200
720575940611390742
720575940626353905
720575940622064809
720575940620036385
720575940624612839
720575940637689688
720575940622879501
720575940620813478
720575940659323009
720575940625991524
720575940609202244
720575940627585028
720575940627157008
720575940621322534
720575940624572052
720575940636698286
720575940617849920
720575940624740878
720575940628115185
720575940625311418
720575940612613551
720575940622202807
720575940604985888
720575940630926866
720575940612019570
720575940630418937
720575940628321539
720575940626510211
720575940630751535
720575940652403446
720575940614523871
720575940646250275
720575940628651792
720575940630917293
720575940619153749
720575940627377937
720575940619008192
720575940621650303
720575940627480363
720575940619971009
720575940622998920
720575940620197658
720575940624737464
720575940630420985
720575940621388301
720575940623386762
720575940634032376
720575940620042375
720575940605436262
720575940621174192
720575940624852120
720575940605312945
720575940620311430
720575940620889302
720575940605551718
720575940627155589
720575940626787313
720575940630769962
720575940621767977
720575940635370096
720575940639099992
720575940616650201
720575940602829536
720575940604509374
720575940619978266
720575940638925877
720575940620652214
720575940606892162
720575940611424882
720575940642071437
720575940620020769
720575940620576494
720575940629788983
720575940632195887
720575940621692440
720575940637846618
720575940619055969
720575940629067351
720575940622293091
720575940648235641
720575940618436672
720575940630983186
720575940622855560
720575940612436264
720575940621471732
720575940629621975
720575940637037126
720575940637954532
720575940613793602
720575940624036656
720575940614981087
720575940619259886
720575940646419235
720575940612961686
720575940632241828
720575940612091601
720575940651864822
720575940626679385
720575940613248479
720575940612575230
720575940627153930
720575940618683328
720575940632584787
720575940611733997
720575940644843031
720575940621391636
720575940626825853
720575940613197608
720575940623888461
720575940616068539
720575940617376980
720575940625898780
720575940636571310
720575940629132288
720575940617825344
720575940614143942
720575940632915937
720575940623461134
720575940618671751
720575940615125877
720575940614811222
720575940606433713
720575940631425235
720575940608806776
720575940610784179
720575940623536205
720575940623825077
720575940623353013
720575940626191108
720575940631100175
720575940622227381
720575940613863330
720575940645709335
720575940605817522
720575940617540838
720575940616187649
720575940625399077
720575940630969555
720575940621073117
720575940638496896
720575940618225566
720575940612650792
720575940637112390
720575940606436128
720575940614313890
720575940610307374
720575940610773714
720575940624597788
720575940629029370
720575940618400459
720575940605199305
720575940622067113
720575940612356904
720575940622641132
720575940608535747
720575940616295069
720575940611669145
720575940633565154
720575940619684299
720575940631621689
720575940636159198
720575940638995005
720575940639218165
720575940633496290
720575940613764364
720575940632433828
720575940636026089
720575940611336726
720575940625325630
720575940620741485
720575940625502608
720575940624800188
720575940629979897
720575940625669660
720575940621762330
720575940626792209
720575940632510048
720575940628239671
720575940620862273
720575940623985189
720575940611343218
720575940617899403
720575940645334126
720575940613909555
720575940632123439
720575940649691513
720575940640758157
720575940630906029
720575940627153668
720575940632928173
720575940614983274
720575940611350234
720575940653460385
720575940628582915
720575940627205386
720575940628385546
720575940622565887
720575940644838766
720575940623808693
720575940621997921
720575940619358257
720575940621888169
720575940626930947
720575940618396399
720575940620889153
720575940631483949
720575940637164260
720575940618277681
720575940608313301
720575940614524127
720575940626834762
720575940617485083
720575940617811540
720575940609634571
720575940620649084
720575940614010419
720575940639328640
720575940630036332
720575940633493660
720575940623904181
720575940631741613
720575940610585011
720575940624494996
720575940627583217
720575940624584579
720575940605000550
720575940612991730
720575940618036509
720575940621178206
720575940624497959
720575940631571247
720575940625529477
720575940611098517
720575940610380498
720575940612789219
720575940622163197
720575940659297153
720575940616859259
720575940639023011
720575940638691200
720575940649501817
720575940631154380
720575940653313953
720575940636839280
720575940629298885
720575940623441387
720575940612924054
720575940632434340
720575940627426837
720575940613961403
720575940620932684
720575940617317305
720575940634968939
720575940638270080
720575940621403844
720575940629438202
720575940615274838
720575940621880541
720575940615768693
720575940622948872
720575940622888205
720575940621351876
720575940619938998
720575940615332674
720575940623430365
720575940639989120
720575940615456985
720575940619970586
720575940633210475
720575940622748868
720575940629839863
720575940616229410
720575940630219055
720575940644607854
720575940637714264
720575940629332606
720575940628145667
720575940616098354
720575940611477873
720575940618746533
720575940620926836
720575940629806206
720575940634781594
720575940645483555
720575940629347626
720575940617135389
720575940600646173
720575940604781158
720575940617145654
720575940614808844
720575940631884748
720575940630118979
720575940616907067
720575940627142666
720575940627685864
720575940626406552
720575940628957443
720575940627209734
720575940612420118
720575940621590132
720575940617244049
720575940617672093
720575940630962280
720575940638228131
720575940631559884
720575940624846835
720575940612886695
720575940606986691
720575940630080071
720575940622529939
720575940630667587
720575940639375182
720575940610798834
720575940625727369
720575940618609799
720575940604236768
720575940619742288
720575940625369648
720575940617811013
720575940629275180
720575940613006590
720575940625605905
720575940621654664
720575940631383085
720575940625917386
720575940611773041
720575940628517175
720575940629014119
720575940618901424
720575940632128031
720575940631262035
720575940618056753
720575940614276876
720575940631966791
720575940629752204
720575940619900788
720575940609894094
720575940614004019
720575940636804976
720575940624677182
720575940626540821
720575940629582892
720575940641372661
720575940636569434
720575940636104846
720575940634923621
720575940638124147
720575940645728803
720575940623184637
720575940618267339
720575940631482666
720575940619235920
720575940628979218
720575940628513335
720575940614742850
720575940617273560
720575940627085199
720575940622416903
720575940620254829
720575940633125624
720575940619869120
720575940632164772
720575940612000022
720575940616951124
720575940604879025
720575940619991232
720575940625807193
720575940625349520
720575940644706158
720575940641764552
720575940629377367
720575940628218011
720575940638243645
720575940624355051
720575940643339287
720575940616758075
720575940635028634
720575940622606106
720575940605627424
720575940633388479
720575940626135548
720575940626309509
720575940643261220
720575940645466500
720575940614534623
720575940616042508
720575940622953983
720575940646507316
720575940614686058
720575940650244342
720575940628159081
720575940630174223
720575940617122193
720575940613959391
720575940604731308
720575940621791664
720575940613413374
720575940621894365
720575940622961961
720575940608971218
720575940616786501
720575940622344216
720575940630660951
720575940611327923
720575940615230175
720575940642507464
720575940605697824
720575940624989223
720575940603639724
720575940621289537
720575940631461451
720575940615976891
720575940606101634
720575940632022888
720575940629122170
720575940628557879
720575940630834171
720575940610899349
720575940628194647
720575940614178302
720575940615656498
720575940606222428
720575940616462429
720575940627219272
720575940635545310
720575940620959258
720575940629350394
720575940620454238
720575940614636950
720575940631915219
720575940608554052
720575940625919434
720575940620537734
720575940614644898
720575940634186091
720575940619548225
720575940620276144
720575940645103726
720575940646362403
720575940620544801
720575940628993146
720575940626878120
720575940621501609
720575940617654818
720575940625888560
720575940625040973
720575940637445183
720575940645085975
720575940623956263
720575940634291045
720575940631437997
720575940632037260
720575940629972215
720575940604249824
720575940627049731
720575940623777869
720575940616916441
720575940640843316
720575940638185550
720575940618760432
720575940620052464
720575940624224408
720575940629214070
720575940629985900
720575940624903757
720575940607208114
720575940630451141
720575940627304963
720575940611939314
720575940610956953
720575940615579078
720575940615469785
720575940625173006
720575940614396172
720575940621583367
720575940632288815
720575940618998644
720575940612502056
720575940631554616
720575940641288923
720575940645086999
720575940626052369
720575940635159659
720575940617735965
720575940628560951
720575940630539023
720575940619800001
720575940632226641
720575940627063634
720575940637616094
720575940622155619
720575940624562618
720575940617125666
720575940641783437
720575940611345813
720575940633122711
720575940623897096
720575940619437478
720575940624116553
720575940639970392
720575940628978450
720575940622432726
720575940624555559
720575940640901621
720575940624981069
720575940623038249
720575940630930191
720575940631999970
720575940609712226
720575940630607756
720575940631809863
720575940620715789
720575940627042170
720575940618544507
720575940640719861
720575940612235439
720575940626890377
720575940613915089
720575940623543236
720575940634490219
720575940642393485
720575940658904961
720575940636542565
720575940636276336
720575940628533591
720575940613698747
720575940621715336
720575940621931460
720575940624520231
720575940618896624
720575940640405968
720575940617164578
720575940624186602
720575940623529875
720575940635184820
720575940616040587
720575940613167766
720575940627554203
720575940628915279
720575940629105658
720575940617212134
720575940616080212
720575940628896299
720575940625718576
720575940633957271
720575940629126651
720575940635127182
720575940605755424
720575940622857827
720575940629199402
720575940620119005
720575940612439958
720575940632618700
720575940618770625
720575940603029472
720575940605209521
720575940607434588
720575940623511795
720575940610208046
720575940617859486
720575940632475859
720575940636033655
720575940615458594
720575940619557937
720575940619694512
720575940638592384
720575940634512992
720575940628117118
720575940626309438
720575940618831124
720575940623314580
720575940624324248
720575940630800658
720575940629837628
720575940627714665
720575940620649972
720575940608862677
720575940639166080
720575940640836660
720575940627372184
720575940614597644
720575940624515530
720575940616526420
720575940638980149
720575940632343891
720575940606536393
720575940626162378
720575940621325601
720575940622807629
720575940620822893
720575940616501787
720575940618941037
720575940621728588
720575940628081393
720575940613331693
720575940638248518
720575940619940811
720575940619134037
720575940636365540
720575940626402376
720575940622721577
720575940628873295
720575940622655979
720575940631191367
720575940629397564
720575940621521917
720575940623512317
720575940637838670
720575940624418352
720575940635739504
720575940618156315
720575940605398206
720575940624284308
720575940629903691
720575940627941431
720575940633293538
720575940614086142
720575940621665886
720575940623001736
720575940655071905
720575940621097398
720575940634076095
720575940629743063
720575940626748232
720575940623614903
720575940620422413
720575940622997759
720575940616017676
720575940630820218
720575940612029081
720575940630503798
720575940632016943
720575940625524938
720575940608292361
720575940622148490
720575940606619081
720575940607590748
720575940620896477
720575940617524053
720575940608875703
720575940626606594
720575940631750687
720575940612969169
720575940635607408
720575940618289867
720575940629906223
720575940634228124
720575940628356358
720575940629022149
720575940620699162
720575940629185751
720575940637220211
720575940634241727
720575940625664202
720575940611351193
720575940616295937
720575940612338942
720575940639161909
720575940618646744
720575940606736002
720575940632309841
720575940614688322
720575940630308567
720575940619075207
720575940612642730
720575940614847906
720575940612773374
720575940626557995
720575940619341105
720575940634508911
720575940623637995
720575940629396796
720575940618950480
720575940626881625
720575940623077389
720575940639233333
720575940625003964
720575940621870618
720575940622295585
720575940631190058
720575940608524224
720575940620673663
720575940645100910
720575940628700571
720575940630020111
720575940624379400
720575940626089298
720575940613019373
720575940611177586
720575940628162300
720575940615473186
720575940636332663
720575940606800341
720575940623110837
720575940626956777
720575940631670584
720575940639298237
720575940628326594
720575940645301812
720575940634789271
720575940604816672
720575940621340148
720575940634020508
720575940615010933
720575940634249567
720575940628649465
720575940636356678
720575940615957563
720575940627821553
720575940622329212
720575940605558402
720575940610028868
720575940631003077
720575940622419165
720575940627572200
720575940617063325
720575940634682815
720575940621464344
720575940629534458
720575940627774287
720575940626049098
720575940619663239
720575940629730575
720575940637701695
720575940622277400
720575940619465131
720575940604988332
720575940620981936
720575940625113637
720575940635278455
720575940613776962
720575940608606421
720575940631450413
720575940628589438
720575940626274314
720575940626148354
720575940611329138
720575940630253420
720575940620031341
720575940635549364
720575940614433503
720575940631936081
720575940620320517
720575940607772681
720575940621447629
720575940633027865
720575940633556634
720575940634789495
720575940617945684
720575940621272865
720575940616332381
720575940626514920
720575940623352247
720575940630092867
720575940614056733
720575940617541147
720575940607775324
720575940634161504
720575940615567163
720575940611910898
720575940623938125
720575940614929245
720575940624277652
720575940618590262
720575940621823514
720575940629339959
720575940625826916
720575940635185588
720575940607088514
720575940605277641
720575940625363096
720575940628319354
720575940622638276
720575940628467462
720575940624501747
720575940624265264
720575940622431751
720575940612355301
720575940626048637
720575940616903209
720575940631639097
720575940626299678
720575940628868352
720575940620167083
720575940632510163
720575940611208818
720575940621926536
720575940621449933
720575940629424195
720575940623339495
720575940626565907
720575940629728988
720575940628888375
720575940612455917
720575940627890231
720575940618645963
720575940632966445
720575940613740950
720575940634761208
720575940619519727
720575940641039067
720575940615956085
720575940619117039
720575940638011718
720575940630246778
720575940644746606
720575940611382195
720575940615629173
720575940619029589
720575940622289919
720575940621321748
720575940631463711
720575940630442745
720575940644590116
720575940620134932
720575940617244116
720575940636809950
720575940614934178
720575940610189358
720575940637906502
720575940627598891
720575940627820649
720575940619974193
720575940609228809
720575940618946901
720575940631923816
720575940608273163
720575940614147178
720575940635159982
720575940624227509
720575940632733651
720575940624147600
720575940629511383
720575940621437004
720575940617626781
720575940629043817
720575940627332885
720575940619410123
720575940621374633
720575940635618734
720575940638026842
720575940624365500
720575940621106102
720575940627950312
720575940626253331
720575940623971848
720575940611990738
720575940618696920
720575940645722660
720575940629557292
720575940631353764
720575940631998511
720575940617433142
720575940629239852
720575940631201311
720575940631983330
720575940639166336
720575940622713578
720575940631487652
720575940626976522
720575940622363332
720575940624508341
720575940627213736
720575940629588854
720575940617208354
720575940620253311
720575940610724306
720575940627807761
720575940645211939
720575940627817260
720575940633713087
720575940628277147
720575940616320699
720575940628749111
720575940643396768
720575940620382704
720575940629380034
720575940614427567
720575940625176250
720575940625821758
720575940631956397
720575940633221657
720575940621282774
720575940631680763
720575940630971434
720575940626213642
720575940616578777
720575940630996072
720575940634365620
720575940605929394
720575940627120536
720575940617552418
720575940636975582
720575940627452668
720575940612615149
720575940623367607
720575940615856779
720575940615723350
720575940623799335
720575940629263872
720575940632043832
720575940637731817
720575940616867926
720575940631141516
720575940625334424
720575940614723495
720575940615596171
720575940638894976
720575940645431075
720575940620408560
720575940627327314
720575940649433209
720575940631907143
720575940616566745
720575940611056846
720575940603832288
720575940621100117
720575940609114436
720575940624963917
720575940619565648
720575940610412386
720575940610926762
720575940612951789
720575940630209658
720575940626769064
720575940621399462
720575940617313510
720575940631842119
720575940630726095
720575940623274935
720575940629830508
720575940629977559
720575940629350782
720575940627526735
720575940620303732
720575940633311328
720575940606165606
720575940625136228
720575940636754533
720575940614184671
720575940620411764
720575940629235159
720575940614410719
720575940638818357
720575940627451388
720575940607869788
720575940634818296
720575940626674707
720575940619445464
720575940618576542
720575940620406900
720575940639415248
720575940643403208
720575940614426799
720575940632224031
720575940629397763
720575940612674257
720575940623464683
720575940618806101
720575940617542996
720575940621396044
720575940635596901
720575940620682561
720575940613736941
720575940620193472
720575940621003102
720575940622440840
720575940614833567
720575940607697282
720575940612704802
720575940634057976
720575940621307230
720575940624951020
720575940626197532
720575940619591872
720575940631450764
720575940636998463
720575940611353457
720575940616938470
720575940610131012
720575940624689336
720575940622069492
720575940630696901
720575940612747434
720575940643842340
720575940626879996
720575940629271863
720575940630043599
720575940634530155
720575940621124033
720575940626868818
720575940639509336
720575940644562455
720575940614726546
720575940613875858
720575940631090759
720575940622880588
720575940638667846
720575940624524848
720575940642284704
720575940620993193
720575940611475370
720575940632190765
720575940621897496
720575940631930415
720575940626980358
720575940614117374
720575940620109550
720575940620685889
720575940633668031
720575940614327442
720575940610185221
720575940626581525
720575940621456349
720575940625460784
720575940631152440
720575940610686162
720575940619812487
720575940609577518
720575940641282523
720575940621265249
720575940622831541
720575940625708554
720575940628619319
720575940608634837
720575940624974266
720575940627069256
720575940629296254
720575940627643398
720575940615708466
720575940635419237
720575940626893834
720575940635342949
720575940633211031
720575940620015201
720575940623638967
720575940607221771
720575940628044560
720575940613403390
720575940619314964
720575940606460873
720575940624958757
720575940635094426
720575940635399160
720575940649134969
720575940625383155
720575940623482355
720575940611085518
720575940622039551
720575940626726730
720575940634702431
720575940607580171
720575940625742725
720575940626179334
720575940661296001
720575940639080526
720575940623066409
720575940654069409
720575940633512800
720575940639118653
720575940633933975
720575940629226044
720575940630630248
720575940608283147
720575940630174208
720575940645728132
720575940620774149
720575940625658554
720575940631960290
720575940617166882
720575940633509407
720575940622710733
720575940620831265
720575940617825563
720575940622604749
720575940620071872
720575940623334143
720575940635126452
720575940626012433
720575940626849423
720575940631406673
720575940611430117
720575940640805877
720575940613051699
720575940635214734
720575940622624234
720575940623122685
720575940624335548
720575940626879484
720575940605309542
720575940631615800
720575940647978804
720575940625657530
720575940635850488
720575940620217782
720575940628660224
720575940627629315
720575940634648568
720575940604439072
720575940616944251
720575940639088885
720575940623032102
720575940626354954
720575940635277998
720575940639564496
720575940618960555
720575940629644375
720575940632192799
720575940626737685
720575940616844859
720575940621138779
720575940633475991
720575940630612280
720575940633915327
720575940637472053
720575940627675535
720575940617577797
720575940635011935
720575940623472264
720575940631429165
720575940626582088
720575940618236283
720575940623750852
720575940606342321
720575940614559163
720575940625818426
720575940607085323
720575940644683031
720575940631239076
720575940622084681
720575940627820035
720575940607927817
720575940624366835
720575940606939849
720575940619973211
720575940623981576
720575940609586901
720575940624264340
720575940649154425
720575940617598621
720575940626632211
720575940629454974
720575940620814463
720575940634202036
720575940630132754
720575940613156015
720575940631088121
720575940631594833
720575940625946430
720575940626593618
720575940633543650
720575940618145147
720575940631041071
720575940614037533
720575940606949042
720575940623865597
720575940620024560
720575940620574817
720575940626631441
720575940630645067
720575940627253865
720575940627208196
720575940627185064
720575940637626084
720575940617209940
720575940631510865
720575940616756993
720575940619791019
720575940627159704
720575940646308740
720575940621326874
720575940631474316
720575940613365650
720575940629020176
720575940643906340
720575940631313455
720575940610318542
720575940625044743
720575940616815005
720575940629346715
720575940625611139
720575940612971816
720575940631494687
720575940633389281
720575940616670242
720575940627265043
720575940619649195
720575940627090521
720575940609845454
720575940626585481
720575940616322397
720575940622288008
720575940643407520
720575940628408143
720575940612564338
720575940620023261
720575940620675711
720575940635114347
720575940633033133
720575940626942995
720575940625399600
720575940646484020
720575940629567473
720575940628407375
720575940623031559
720575940608277771
720575940611237034
720575940629455068
720575940612024342
720575940629373148
720575940641174747
720575940611357938
720575940610682578
720575940634399071
720575940628961644
720575940619357264
720575940610102830
720575940627214891
720575940617056064
720575940619891041
720575940630642447
720575940621873677
720575940632063396
720575940631174431
720575940620356468
720575940622219478
720575940613437359
720575940629151031
720575940622342852
720575940614429078
720575940606869513
720575940628641871
720575940626865289
720575940632677145
720575940623085495
720575940628702658
720575940624061116
720575940610519747
720575940631930060
720575940627465288
720575940620979888
720575940638957400
720575940617483318
720575940626047536
720575940617308673
720575940616486795
720575940625305884
720575940617511169
720575940621309534
720575940607637340
720575940638212166
720575940619401199
720575940639089571
720575940621648861
720575940628380827
720575940612634009
720575940621674108
720575940632824531
720575940628280911
720575940624671490
720575940631625124
720575940630052857
720575940625709720
720575940631544740
720575940636002679
720575940637087039
720575940639099264
720575940623594248
720575940620912086
720575940610384994
720575940630384246
720575940625298690
720575940621378580
720575940631711021
720575940629918762
720575940619498887
720575940629673692
720575940638730805
720575940632629551
720575940623745816
720575940605765408
720575940653456630
720575940635244133
720575940633391246
720575940615515039
720575940615555746
720575940617997115
720575940635722335
720575940611059012
720575940604992457
720575940631030124
720575940618802757
720575940630374871
720575940645252643
720575940621930273
720575940639820477
720575940612760306
720575940628682314
720575940623746282
720575940639680573
720575940630033767
720575940626610831
720575940615395990
720575940618892801
720575940626324005
720575940623686605
720575940623524393
720575940618730832
720575940624030600
720575940628602371
720575940607057794
720575940607520434
720575940628653568
720575940619348859
720575940611925873
720575940609032405
720575940615434750
720575940605772064
720575940642230005
720575940631303675
720575940637101157
720575940629148145
720575940620926657
720575940636266341
720575940631141164
720575940610077816
720575940633009453
720575940622222597
720575940622949117
720575940639158461
720575940605898016
720575940620935360
720575940635308479
720575940632998957
720575940617692811
720575940628719592
720575940635696052
720575940617102716
720575940629508081
720575940624085395
720575940634015969
720575940634164832
720575940617307275
720575940613570326
720575940610077635
720575940613550376
720575940613474710
720575940637539806
720575940628452369
720575940623907533
720575940620443725
720575940627263400
720575940635735903
720575940640073560
720575940617906589
720575940624446442
720575940613497573
720575940638553828
720575940608462857
720575940624955406
720575940606515814
720575940621905946
720575940639040445
720575940617976523
720575940613568790
720575940627725072
720575940613818134
720575940609099787
720575940624992100
720575940610427050
720575940640255104
720575940620915565
720575940625625324
720575940614547879
720575940635755768
720575940611913938
720575940612107362
720575940609758403
720575940639675480
720575940623408764
720575940611113625
720575940627629464
720575940632308025
720575940640620376
720575940633820130
720575940630176211
720575940617223867
720575940616875532
720575940611235534
720575940617608377
720575940612616883
720575940637005801
720575940609544917
720575940620152144
720575940621354155
720575940639645859
720575940632872670
720575940637633758
720575940615204862
720575940634054355
720575940622320874
720575940614587538
720575940646544675
720575940636838062
720575940633458084
720575940611928037
720575940607019906
720575940634153497
720575940630173228
720575940640947408
720575940618370260
720575940618448017
720575940619863120
720575940624293895
720575940631528466
720575940628874039
720575940624051348
720575940613413874
720575940633195437
720575940614051326
720575940617459156
720575940616143922
720575940630152492
720575940613073901
720575940624965012
720575940615573131
720575940632978402
720575940639509565
720575940626969752
720575940632138051
720575940629956652
720575940615458060
720575940614747559
720575940624173459
720575940612878193
720575940635534328
720575940626816912
720575940630378583
720575940631701608
720575940630237239
720575940626949894
720575940626569085
720575940621173158
720575940618536350
720575940622944588
720575940635157600
720575940620842516
720575940627295930
720575940626287408
720575940645375511
720575940626704058
720575940618068409
720575940613337829
720575940616322098
720575940627047468
720575940623313740
720575940634960319
720575940636777700
720575940606039980
720575940612345713
720575940616353247
720575940630598487
720575940633124252
720575940624940019
720575940646662947
720575940617259835
720575940633946720
720575940624812780
720575940615676226
720575940631476311
720575940630289408
720575940611290005
720575940616364289
720575940629976594
720575940630085676
720575940628030724
720575940613843570
720575940633829459
720575940622301162
720575940605630944
720575940628736873
720575940630784962
720575940608585993
720575940616879158
720575940610760312
720575940627702012
720575940624933813
720575940633267620
720575940628623176
720575940631665426
720575940615368702
720575940626943269
720575940626746969
720575940624041924
720575940625943340
720575940626453762
720575940624971653
720575940622636312
720575940615124222
720575940617557177
720575940631199020
720575940633925472
720575940629986832
720575940619472344
720575940627521669
720575940626395394
720575940634537953
720575940637271664
720575940614221474
720575940630269399
720575940621651694
720575940632361803
720575940616955478
720575940630609858
720575940632593735
720575940640745587
720575940640020814
720575940623238441
720575940629370677
720575940632182087
720575940629451515
720575940632330344
720575940634264601
720575940627510012
720575940626091326
720575940620751051
720575940625399795
720575940623420395
720575940636844974
720575940605073376
720575940615451646
720575940615599958
720575940609352540
720575940633295571
720575940627799317
720575940634158050
720575940609614601
720575940608670532
720575940639703229
720575940620390127
720575940630568310
720575940634172883
720575940628159119
720575940629935042
720575940647649412
720575940631394129
720575940622138136
720575940622624332
720575940611685398
720575940622117040
720575940625022183
720575940642703501
720575940627502725
720575940624566456
720575940622756596
720575940612893359
720575940631882514
720575940633352275
720575940613453539
720575940622386721
720575940627034457
720575940632396640
720575940620912225
720575940609453763
720575940616011882
720575940638842745
720575940640863064
720575940630383836
720575940620930507
720575940624647349
720575940614357138
720575940636207096
720575940628714492
720575940616906508
720575940620884133
720575940641552117
720575940632180299
720575940619838001
720575940616478294
720575940628870474
720575940637255781
720575940630596716
720575940652614390
720575940622399002
720575940612645269
720575940614248367
720575940630868215
720575940627161662
720575940625860595
720575940652520438
720575940628525318
720575940607363593
720575940629796218
720575940608988280
720575940610319428
720575940619799768
720575940615351995
720575940645497892
720575940624182089
720575940612554163
720575940628223570
720575940633826458
720575940622185654
720575940613762285
720575940610386786
720575940639953742
720575940619704000
720575940614256435
720575940629474620
720575940637938409
720575940614284463
720575940634433180
720575940639086399
720575940624548332
720575940629821775
720575940627887944
720575940630342764
720575940630684524
720575940621406429
720575940611187298
720575940626387282
720575940625926858
720575940629412139
720575940621936666
720575940613878824
720575940627040266
720575940625808656
720575940630663034
720575940622939317
720575940624331082
720575940651966198
720575940607848578
720575940626780464
720575940631573034
720575940624793673
720575940633583187
720575940621434100
720575940640345176
720575940636727726
720575940623639261
720575940619330287
720575940630697576
720575940618239745
720575940632049804
720575940622219015
720575940615554646
720575940634682593
720575940644726688
720575940620006104
720575940630360119
720575940628154184
720575940633392804
720575940609794372
720575940631852997
720575940629320963
720575940626702026
720575940646766883
720575940614944040
720575940629409040
720575940616136565
720575940645009864
720575940624985831
720575940625811812
720575940614631422
720575940611760277
720575940629384689
720575940627830354
720575940627978183
720575940614881745
720575940627454595
720575940624479752
720575940623340073
720575940621881328
720575940636133733
720575940625915064
720575940625008572
720575940620495343
720575940631025995
720575940613261283
720575940617423316
720575940630795148
720575940631934787
720575940631005015
720575940619022757
720575940624488712
720575940609027029
720575940631777603
720575940618829915
720575940627685544
720575940607392898
720575940630037751
720575940644892964
720575940619803038
720575940633478687
720575940622298637
720575940620622246
720575940613964962
720575940619914801
720575940636339307
720575940614568232
720575940616034246
720575940630204286
720575940638574938
720575940623910349
720575940626777602
720575940631509753
720575940604541798
720575940631228943
720575940623506412
720575940622065761
720575940628640471
720575940616333535
720575940621637637
720575940626965562
720575940618177693
720575940627922180
720575940627976966
720575940624467947
720575940614905759
720575940640916387
720575940617304916
720575940631612970
720575940620825035
720575940627175623
720575940632172492
720575940615276438
720575940629627547
720575940626138314
720575940618117377
720575940627307522
720575940613803245
720575940631846597
720575940622708151
720575940613222770
720575940612867759
720575940629971535
720575940623621060
720575940622067572
720575940626984138
720575940608696412
720575940621262100
720575940627875144
720575940624777735
720575940623051400
720575940638472670
720575940620895761
720575940621229552
720575940620264664
720575940619794648
720575940655969441
720575940639027290
720575940614113036
720575940612871338
720575940614355665
720575940646026606
720575940609152779
720575940630980567
720575940628919495
720575940622435427
720575940626346938
720575940609348619
720575940605282220
720575940622302307
720575940627299868
720575940623041050
720575940629496619
720575940659650945
720575940632841773
720575940642986381
720575940625854183
720575940618693716
720575940629243591
720575940620075284
720575940640052699
720575940612307825
720575940617915170
720575940614392726
720575940618310100
720575940638903871
720575940618673748
720575940621598374
720575940624345992
720575940637181815
720575940624724919
720575940635364247
720575940627004858
720575940636507384
720575940630508794
720575940618349318
720575940625308391
720575940630838492
720575940626747578
720575940625755836
720575940626668848
720575940628354833
720575940619139653
720575940631228665
720575940627272962
720575940618731521
720575940632328761
720575940617683851
720575940625628647
720575940623518819
720575940640525144
720575940638565342
720575940612852978
720575940627805833
720575940638832100
720575940615485950
720575940629905051
720575940633615533
720575940611321390
720575940623864712
720575940626845989
720575940629024241
720575940615688086
720575940647922228
720575940624936957
720575940637246821
720575940605764320
720575940622951962
720575940634377698
720575940627999826
720575940609361756
720575940608148098
720575940640256590
720575940631659607
720575940619021595
720575940626111758
720575940631808463
720575940617186677
720575940627469058
720575940624711687
720575940628717224
720575940623694104
720575940624029993
720575940630934828
720575940626894654
720575940632642360
720575940632984401
720575940617966809
720575940635435455
720575940615248546
720575940609951701
720575940631292892
720575940621522541
720575940621493188
720575940605892012
720575940616522818
720575940630806316
720575940640197949
720575940618685853
720575940636971895
720575940615806102
720575940632793657
720575940623285213
720575940614640815
720575940629863723
720575940625664487
720575940629002570
720575940629894555
720575940624246922
720575940631705339
720575940612646549
720575940621819457
720575940629673004
720575940628058505
720575940614731304
720575940621485227
720575940613440409
720575940616235423
720575940619010117
720575940610107605
720575940612514965
720575940629913679
720575940633468580
720575940625299464
720575940610022357
720575940615962774
720575940628010117
720575940640166709
720575940613601765
720575940616435398
720575940622105008
720575940640457843
720575940632176426
720575940618468582
720575940628536552
720575940634157523
720575940625104648
720575940626774202
720575940639886013
720575940625503527
720575940613519786
720575940630254718
720575940639408198
720575940623083340
720575940637504174
720575940632956207
720575940621570542
720575940618676381
720575940639047908
720575940616229855
720575940628451496
720575940625398763
720575940623720717
720575940623834760
720575940627863582
720575940631750095
720575940618276070
720575940612319694
720575940638749274
720575940622269424
720575940621514667
720575940627418908
720575940638712127
720575940624406468
720575940613165235
720575940645418276
720575940624142591
720575940624955133
720575940606630758
720575940613668210
720575940636559284
720575940613595284
720575940604722244
720575940630060135
720575940622550878
720575940631065900
720575940639386438
720575940622593148
720575940641402832
720575940631917775
720575940620605831
720575940629233926
720575940629641833
720575940628744616
720575940605981100
720575940627820937
720575940615200510
720575940624005144
720575940637476782
720575940625693966
720575940627846808
720575940616361282
720575940631735127
720575940640160309
720575940627897886
720575940625669607
720575940608121266
720575940623906815
720575940618540372
720575940632135499
720575940628522639
720575940613244389
720575940617551499
720575940618254265
720575940640246947
720575940641599184
720575940622628084
720575940630237083
720575940626650826
720575940619293494
720575940613342634
720575940632940964
720575940621677222
720575940624651527
720575940619649403
720575940625891086
720575940618604884
720575940632170255
720575940632523880
720575940635950584
720575940622524254
720575940611465080
720575940644764104
720575940629285873
720575940618799773
720575940621190022
720575940627393538
720575940624691893
720575940629750872
720575940623975879
720575940618063505
720575940624336324
720575940636643439
720575940617598603
720575940639193321
720575940616743218
720575940620231384
720575940628319144
720575940626717114
720575940628933372
720575940629133929
720575940632467498
720575940621979745
720575940625716711
720575940630402298
720575940615179774
720575940620220977
720575940630564218
720575940629947751
720575940615229182
720575940621361345
720575940614774323
720575940614959923
720575940623258845
720575940633437983
720575940618437094
720575940627958149
720575940614814383
720575940632404793
720575940618476322
720575940614193389
720575940623072801
720575940633042759
720575940630118247
720575940618030777
720575940608099506
720575940617316795
720575940605560288
720575940617398614
720575940617588363
720575940635762027
720575940616554764
720575940636524280
720575940608223922
720575940638004080
720575940628543748
720575940629542928
720575940614902568
720575940612964757
720575940629723152
720575940628347208
720575940617587286
720575940615456679
720575940640156494
720575940624480915
720575940613465366
720575940623821517
720575940642325237
720575940621906029
720575940622614260
720575940644921288
720575940640295502
720575940628620565
720575940629034799
720575940621593691
720575940628587752
720575940621401280
720575940636111723
720575940622637061
720575940616287810
720575940623880328
720575940627699608
720575940653052662
720575940619046725
720575940614590701
720575940619535483
720575940619502400
720575940645369111
720575940624873480
720575940625166828
720575940631121212
720575940624976381
720575940623068728
720575940610164163
720575940621957286
720575940641249232
720575940640365171
720575940614713511
720575940612794005
720575940609235036
720575940636553839
720575940630664574
720575940611691384
720575940606579558
720575940639366470
720575940624712445
720575940634301154
720575940648658052
720575940624641205
720575940621731675
720575940630701656
720575940637384560
720575940624745223
720575940611710840
720575940618726145
720575940633722029
720575940612779633
720575940625795004
720575940624251528
720575940621489243
720575940626883514
720575940629880475
720575940625762196
720575940622176628
720575940625647630
720575940631103196
720575940623005308
720575940641490384
720575940623017596
720575940636864887
720575940638881252
720575940616244959
720575940613150962
720575940617053883
720575940625905383
720575940635295840
720575940613358706
720575940631037302
720575940637362544
720575940637456782
720575940630199034
720575940618237533
720575940624407078
720575940610219203
720575940625766158
720575940613707798
720575940629615209
720575940618909266
720575940622485744
720575940624919625
720575940606407270
720575940643956896
720575940621238437
720575940618423441
720575940611188526
720575940632678983
720575940609720843
720575940625376491
720575940616697868
720575940620750416
720575940625646055
720575940641010896
720575940633654483
720575940622549631
720575940610366915
720575940629145606
720575940623087692
720575940631969295
720575940645345828
720575940624814315
720575940619188805
720575940613579178
720575940620436939
720575940622640990
720575940633613869
720575940612932850
720575940635662271
720575940618544541
720575940624638901
720575940648383364
720575940624277226
720575940624154564
720575940660966529
720575940620740432
720575940605920684
720575940629568299
720575940632515897
720575940622397168
720575940619817886
720575940632451897
720575940612724442
720575940605758688
720575940608054962
720575940626039885
720575940642630029
720575940636156852
720575940624158090
720575940623271389
720575940623458915
720575940630645882
720575940633835437
720575940625983219
720575940631606981
720575940615686075
720575940627945810
720575940633293988
720575940634019795
720575940626769982
720575940625662451
720575940618279773
720575940645991278
720575940633078319
720575940623740621
720575940619741494
720575940645309719
720575940626928586
720575940613962467
720575940625278868
720575940618733140
720575940631160620
720575940624368934
720575940612855475
720575940633523916
720575940628116499
720575940617815611
720575940627117118
720575940606544486
720575940638736986
720575940626990654
720575940629380713
720575940606730598
720575940627134210
720575940633166929
720575940612689882
720575940648476036
720575940632504680
720575940630742316
720575940626548410
720575940642477531
720575940631702347
720575940623235916
720575940618962260
720575940620558689
720575940629263875
720575940628935623
720575940623633251
720575940628955722
720575940628758760
720575940638684393
720575940633366995
720575940629593193
720575940640234574
720575940626486576
720575940629456427
720575940628564712
720575940628757736
720575940629805571
720575940624295315
720575940622722586
720575940615698538
720575940653216758
720575940643079309
720575940648359300
720575940628886790
720575940622901854
720575940630956032
720575940635675031
720575940615410850
720575940615051315
720575940620658635
720575940606492350
720575940626886602
720575940628463176
720575940625494164
720575940621005190
720575940626836410
720575940623812195
720575940627338883
720575940635705023
720575940625097992
720575940612520341
720575940635744863
720575940616408223
720575940622198388
720575940623013982
720575940628189256
720575940609525769
720575940635859135
720575940618664605
720575940621423855
720575940626663998
720575940634300385
720575940617414005
720575940626001741
720575940648618628
720575940614646312
720575940623900696
720575940624296851
720575940629425168
720575940633918803
720575940624306579
720575940626054733
720575940632700728
720575940615414526